19,5
17,9
22,8
18,3
20,2
22,5
16,7
15,9
17,1
17,6
20
17,2
19,9
18,3
18,7
17
17,4
20,1
19,8
19,9
17,7
17,6
15,9
19,5
18,5
16,5
16,4
18,3
23,8
20,5
19,7
17,5
19,9
17,7
16,7
17,7
17
16,2
18
16,4
18,7
18,8
16,5
17,6
20,4
18,3
18,3
19,6
17
16,6
16,4
17,9
16,9
16,9
14
20,3
15,2
15,9
18,9
15,5
18
16,7
19,3
20,5
19,4
16
17,1
21,4
19,4
17,4
16,1
18,9
17,7
18,4
17,4
17,5
17,8
15,9
18,5
18,8
20,4
17,5
18
17,8
18,7
15,3
16,6
16,7
17,4
19,8
17,4
17,1
17,5
16,6
18,6
16,9
18,8
18,2
18,1
18,2
17,2
17,8
16,5
16,7
16,6
16,3
15,3
17,6
16,3
16,3
17
20,2
17,2
19,8
17,1
17,3
17,6
16,3
18,5
18
15,7
17,5
17,1
16
16,8
17,4
18
16,5
15,5
16,5
17,3
16,6
18,7
15,9
15,4
17,3
16,7
16,2
19,9
16,7
15,5
17,2
19,3
17
15
17
17,2
15,8
18,4
16,4
18,6
16,7
17,4
19,3
17
18,4
17,6
16,6
19,3
20
21,7
15,8
17,1
20,5
19,5
19,4
18
18,1
16,8
17,8
16,9
18,3
20,4
19,2
17,6
18
19,6
15,8
16,5
17,8
19,3
17
16,8
17,1
19,8
16,8
16,3
17,5
18
18,4
17,4
17,7
19,7
17,3
18,7
18,4
19,3
16,6
16
16,3
17
16,8
16,8
19,6
19
18,5
18,4
17,7
15,6
17,7
18,4
18
18,9
22
17,4
18,9
19,2
19,2
19,7
17,2
17,9
18,1
19,3
20,7
18,7
19
17,7
17,9
