887055
565464
1427
410940
5041
11530
548
80487
1736
10333
5457
44891
54456
32147
78963
12892
3786
5466
1369
32041
98003
1686
856
98439
12058
109671
133
7992
79442
467384
22489
22370
844561
376960
769613
458863
237665
80331
4
545
63403
3790
96721
556
80201
4548
54464
10782
10791
874
13
8018
12
574
5123
17220
9
942841
830536
305
49
492423
566
55
1690
10230
54584
970
786793
66147
79288
63450
358899
2271
3763
458717
1849
120994
37268
86095
5
136
97042
2855
3547
1012
52
51
26713
12834
11557
49886
22964
528529
22467
1000
852
1010
684118
6
1891
6386
50
121
961
303
909653
3595
3747
2823
137
399
301
169
543
3
