a) 18226
b)58462
c)5824

d)
18226
9319301856160395
46285409
620420
58628440664253085
19395191
619991328366
462812
580142953
586892619483385594341633382396
828392864
3508966632
56666605306624
88310143153
3986961
6698561819
90125391620
46426
921583009409469
694903313396369558909193415445
8332261944316385
13061343862616
58692283104649685842009
250064532804
9609016165
1405830
540869010210140
65484422135059916
64068565851068
6632299441
1115910606862
3343424133660836459504836566
805181
105329496
296905
252800316
8223919145
4418683442028500838132841808
103631851632330
610069
55549825
91008205
9929543261384592
5041611956
429394165063083868425939508444044592231
8306803535
85558892081588
92066
12232450921825218864
829810305
480404
2614624224080962030100510028952461
6236503250333311646491
915849442904638508
19193293348030458638252543
135333586614
242640038148
616352459430082493232208
621381203326004
59948195350465399053
9066853492268994605530
48828
256302814601209864
469901613451592394
59529483186458098948936061
44643942205249300142
4935251234143332402033548
109385
40126814
8682326
18646130505231002
1100151662
205055450434380451
32053
6501996
22910696954243450541
99519
924894690624291528
336983
2352083451
34893520396186013645
5335352
4688415183911908
99512410
388864465660
36330815903042
24898956808
3635805539
560261930
80345839309
95208188492301
4124461089989
381804682885904
68234611369332130104546244
3602832280912694292
6992026841532924
656953182804040212949245203052860
96064008063282900561
3426852439560246
693591001
591665
600682263900
948241466119809501205154
496599623233454961
568208
236958605464869486
25398140685
96950819
84328
4992960463891
3988022603
262690691044848852341125645290588680585084949008152
534500106343136848454
664155
8999138
931500438
62496608
24168435350
5188304239896
145464130066
85960985839480656
6594141256069514019633
344054481861622018248183
51151895289050
635281660232291312609664628261640589646
8949548916
1455812
56145155
988638642846665999582836166183241031
824216644022
1852266140
5490540841068611
19261390841319
148629
9686185031260
1803435
49988294
261801
48450430
315180
9420009299299692563
521281924868280236635
2240113520
39683
2601922091318491999300984112884911114533134625560259
884619386886001856954
48062539
455429
835545881532925242
5024366659858211
460264848
6113900953805399634652893692936
95641854
83650195
51168563120502402591
224831155661354
540383939610
26004180561509
624158535312601250
2120591150222495452892033908
6593040030009246
80210195
101119
95096103828
35468386095853
261241
902149513835
2369290
32002
6135212342185268
528866969348691330312
36212366
155425
652186022350852610818243359
9438660509598920316428333
56195400582510
1329989
3346536
66960
8693969968484835050993
6656640568800
66244216139402506
465542
26485223386358
3956510023414921115086
326309
58282
32900419646064128885402
208680
9055064
929164
168485569105631
42488432
154301482
939183
431239048
2324240950614426519292032958011811
33669
439923682925251
40508919881
544615633435416011180519
369020193262014
95549538394186431884254448930056208529181031451262
66110413492803
6333483094934
9396448841136020321149185
25134532212339960
42930390
189391132998306909
59158223532428322980
285041
10346826538062666546338421
4533324
13658819
4535494552189901610311
49155828623
6388231840416180453060
28069169902962
6599611994564962932125429828841061461122982
3240913912959961641
2616559

e)
18226
23404080293736873134
82418279488011505
76775
759692620748559
407977119758620628125911215421677000178
647438810001625238336693
3775745586144105609869277461
9319301856160395
493340871941842851695
521696650712874910103
404546852358626583367426
7917227491028387923802054017335212073765802860
244105752804
46285409
1018912794058
569778977033072890894634763659190635686944921467068
2609784025804988792168108544
880572445773
620420

f)
Bardzo skomplikowany kod i nie podj¹³em sie napisania
