19
58073
6162
27
4605
7
4575
51529
3745
101
7509
17481
13855
168
421
406
45713
34646
704
3537
172
6967
365
9217
8068
6790
2431
29151
129
8759
353
404
477
45949
60
11
27
269
29011
181
15853
37667
11064
6308
8328
309
15535
29276
43023
446
14845
831
426
321
4021
59781
1563
52181
5889
15
11566
442
14971
42566
1854
6098
3020
1718
1142
3470
93
19
119
10370
63
4220
7
23191
163
356
34674
22203
3434
50
30831
8187
605
479
9637
151
4066
658
17
33
7237
131
46903
22147
3375
13
1440
4167
103
62
20226
44
20928
15
260
31405
1162
39
34408
5274
10549
64
10411
31238
51748
10328
29027
903
35898
27395
8
8541
32
6681
1381
15989
14498
113
28842
14
16213
74
27336
56712
51401
69
43058
78
233
1793
62
11161
183
42388
63864
30
15219
46
39141
1208
96
350
306
24172
50
24835
11091
27734
118
32610
54
573
36966
6372
53680
32704
28369
20
18230
11011
7849
14454
465
461
5952
4
34311
414
8917
18171
220
8
118
5935
22808
100
16977
8
28485
8887
220
639
34
12
171
4
32281
2
22817
3
397
23289
16734
412
3
14
32856
375
4
25672
29577
24142
2
5874
3
11763
11
76
65
30
28
44510
51419
538
12075
36
166
17402
64
18
41260
66
29
646
17
7
1725
286
37
39
3
13
5
29918
18
7
27579
11266
4
7
49630
31
49
63
64502
30
90
469
30
12776
16
21251
16
9
5494
1342
8
2547
23360
213
8
62
43975
40
7509
43
25900
92
74
24961
23
17817
5
164
3852
16
37
25275
352
22170
30191
735
12112
292
88
49566
7
586
15
10362
5
1280
7564
666
16530
222
159
40210
3602
6
28110
2152
114
174
16931
44902
755
1297
56177
19
205
191
56986
18
682
41853
58
7
51005
40069
2
14723
21915
24589
1195
7
101
1986
391
207
365
7
293
958
79
179
60250
36914
29116
966
1259
18824
101
455
467
392
1108
15135
7
215
73
14
49708
1896
28110
19
53859
429
973
10
33919
54713
3846
12264
58954
24
141
20538
543
721
18
978
6911
29493
416
21438
20
38936
15946
23
20
1115
26929
182
20899
73
3
54
41
486
170
396
14273
642
7
6258
5708
128
22871
7
22622
304
1230
2
369
1900
518
2674
781
52585
64
110
541
8761
283
13
6399
9395
1276
883
11
5306
5898
12
1062
396
103
735
14569
3539
194
56666
1373
1016
263
47346
19
1429
488
3363
62
1985
748
27
26
13182
180
953
11606
2001
165
3949
13245
140
287
12253
229
238
2794
1780
29524
468
506
751
194
168
132
22
8
26
69
441
194
54
108
500
122
94
9283
12136
9308
1431
1581
23006
965
312
260
4323
3180
7151
45775
302
1743
7321
1647
7
30331
191
311
1240
49429
1020
199
168
12864
10031
6565
353
398
5091
431
3386
12
1075
91
58511
204
3322
908
6366
712
6695
3283
888
128
2191
50181
483
710
345
24597
84
6443
2485
536
33
3700
55
25
88
78
836
355
515
45
219
9
2259
1635
3393
201
1906
304
6456
5442
410
1309
1799
223
22717
27
5320
3815
60926
4
18312
1499
7989
492
32641
20210
4109
1805
6749
43
11
624
248
99
41
175
36
65
109
9
136
484
43508
1743
7696
336
1915
159
1877
129
4365
206
476
396
118
2002
1804
8
514
14480
411
595
6801
225
304
1013
340
1002
1006
1341
401
4218
644
1921
1379
485
30081
371
2034
3331
660
61
8
6
2
40
424
9851
173
33711
1808
135
59155
54
65
7841
36731
182
340
41570
1209
311
176
90
92
3514
3
30011
126
2038
4001
6980
674
2310
2023
3214
6877
973
263
8528
502
488
64213
60
341
45
44
86
82
1725
14371
214
434
933
143
628
227
3110
864
1373
435
492
14191
9
60561
270
263
153
98
73
42
2331
15102
8565
47464
2411
5464
377
4486
5044
27189
27077
14
63723
2806
990
2639
173
3814
2531
712
3760
12412
480
1955
531
97
66
4132
403
152
22
139
56
219
37
36
42
794
391
15675
5326
3540
11942
2854
2145
4046
1130
4734
5979
30429
780
3627
2283
71
30889
2620
522
18911
5935
6216
3401
23580
49279
3869
30777
7158
21
2167
49
13021
6883
1731
19779
5797
15138
22808
5
11242
60
6972
12987
8534
5582
14818
2087
17618
872
906
5128
378
5985
2
3495
2598
157
12
7105
9576
2042
215
12981
2124
3607
11771
1572
2477
157
695
35
1862
652
113
470
213
238
856
4353
7680
1095
18471
1990
2214
773
12560
16
3964
3044
3549
523
676
5954
24908
26899
40868
15584
55867
747
45054
87
4069
28372
1829
99
1126
116
6968
9240
7898
2741
960
1607
3719
3170
1766
97
3820
867
7052
28106
1409
6641
3129
14783
52788
13625
57735
407
173
1061
126
2291
11
7639
39522
1330
6252
19319
795
8560
14208
1627
62414
58794
14417
25155
234
205
2711
256
815
1834
928
8129
197
4010
795
5278
534
3172
527
192
6526
8130
7783
2868
30
1746
8025
6505
4083
392
3061
1160
11315
491
2300
431
32
58
1800
840
482
4057
251
1775
18
301
4612
73
41400
213
183
3
61258
93
504
236
421
13258
77
1902
2165
33
589
1814
15920
4
4538
26910
2778
125
1761
2039
7377
42773
1967
70
1154
36317
48575
290
483
2310
3510
728
4307
59142
2374
9331
2904
14776
427
3217
3318
2095
2681
958
5350
10
3061
12088
3884
11015
155
65
1222
4
62222
13856
15581
