375099
94054
9024
162027
128450
106200
124480
86136
125628
110960
52780
70110
274367
203852
48944
374348
158928
8672
194944
299046
215339
57045
101142
17205
189696
50016
112944
41232
185500
26325
178360
73968
127145
36320
40671
118240
48006
154572
28710
55404
212274
16307
11750
120172
102510
23765
147375
117402
13870
16665
272731
68024
58820
248320
143535
52731
12930
16212
170352
79240
33432
7994
174685
4220
113952
2145
146338
81926
32960
210129
8288
208068
49248
253215
10320
96778
244242
110112
308320
159616
332871
89985
348816
330296
86688
375803
9600
264698
143604
293076
38071
109752
419852
166600
119168
58077
298800
284746
130732
37440
128832
87858
38199
222224
114681
77660
235704
282796
20151
12258
109684
114825
393760
95059
68913
167684
174300
117180
40851
167900
451878
70320
32908
370458
83881
136128
300059
276150
356967
109131
101928
232128
19470
91246
115920
126636
22032
107660
124017
105732
65800
295360
56816
244
186833
289390
151536
84
49941
184708
98802
11775
273490
38925
134805
169824
311424
153648
38016
187866
131461
71630
15308
57275
99020
10290
70290
29680
86333
33462
214760
51432
17270
31154
388792
7392
102025
28179
173340
5267
52392
227920
46692
6858
39456
176670
208774
33108
283584
76923
89280
372288
188288
4674
64620
32181
165900
120972
10644
18015
28143
117913
41340
54168
87904
99165
172665
200384
216550
96658
148856
413784
95772
139515
245888
291720
118296
208128
259700
89728
115911
112813
8140
4832
3537
11609
28080
172382
403971
42516
6620
220497
352944
369336
39864
37716
32200
24893
39835
2800
8211
255101
89532
9840
168912
402308
210540
18306
67456
8931
6075
130696
85422
273734
53424
115360
113496
61992
24519
44768
153990
62760
66400
125584
98095
46683
41100
92512
25947
96832
37905
126028
328614
127029
4833
16240
30375
147936
58520
230792
160160
207458
152889
32736
98486
39552
48972
129064
180320
44136
123600
132986
62755
14390
42483
112860
205968
52416
225072
12880
84402
44154
100548
178848
378045
130
218041
176130
24996
9936
150558
100448
16312
65757
133196
341362
91380
144093
50440
4120
135532
40490
44375
186288
70176
165396
89980
390192
156200
79860
93636
451
315235
224419
231606
279440
351654
154737
147600
28848
225547
214251
364812
29855
174640
4085
129504
17640
76362
109296
81144
187327
90909
33252
398266
1898
66555
39519
185554
15928
50505
124040
115255
165312
161667
35936
110356
99295
6688
30464
26174
26250
13779
155038
118118
82316
444288
226512
18020
137319
45419
65721
139320
85068
221280
453271
56318
75786
134808
151155
162054
116740
80444
22578
56032
204540
212576
50736
10302
113760
131036
34888
5416
464352
6900
53856
57812
73970
421271
90045
1787
124695
135590
251370
19383
63300
191811
388522
64792
52615
182373
18718
29709
34238
24276
76331
154624
320080
40663
34800
55458
67643
202182
60144
55104
102930
162525
189080
88990
147357
136183
39786
21428
119850
372780
251183
166565
340464
281418
66576
48981
104198
9342
176418
306900
15136
40139
288896
153164
367983
1926
6699
1472
207142
31598
358795
312455
180765
150960
7176
9711
25977
84622
336672
2229
68547
125820
140790
44370
90551
138468
225600
142350
60480
213210
267995
82800
252700
181521
99125
32164
8671
209836
89900
160892
3876
2409
98208
90882
5568
38580
13020
1050
135450
62088
70272
105774
50589
50374
8050
1558
183741
6036
55738
108604
18296
180488
204392
139914
94920
39996
41085
125568
155804
189200
254760
253044
2635
188385
132463
103824
6440
212211
21245
750
34034
22968
281244
276210
117824
255304
257376
281062
31304
217899
145695
123066
67321
86130
2324
222632
160956
397068
76294
108200
199475
15247
369765
45408
390664
108748
160204
370826
91390
295926
367488
79866
98363
66969
6407
125850
29120
88480
161650
325050
30912
427606
27120
410040
78528
21088
104871
86700
429858
369232
16910
187136
115344
180336
101016
163530
29120
53835
7470
195050
254231
20412
8787
250740
118440
400127
10156
80586
43820
59262
77469
39160
341900
93993
258624
205920
333285
24585
11284
96320
148206
67824
5244
196490
71817
53661
320130
126614
95109
4830
244080
81552
104361
83037
344100
33248
106835
168840
215574
17750
79882
51891
48807
103292
39376
117660
271420
210910
82152
280730
307200
5145
40689
148848
20800
149008
148290
255528
235224
43785
302736
33966
311740
33511
134398
167085
265205
153552
61395
169670
38016
203808
9855
99407
421853
381235
338812
231052
102816
11088
221300
42060
123948
114244
55520
158838
130530
349790
114302
209385
359824
66589
166355
14898
75670
6000
190588
220018
225517
37953
117432
2005
85782
94150
307040
22876
16344
136648
108780
1793
414144
13950
80410
435798
224640
91800
47740
19392
59925
167892
52649
442169
39226
229622
4681
10608
135999
283346
179764
238637
2128
283650
164696
124872
54280
221260
3570
82544
220077
39640
20800
186756
126336
267456
208034
453832
68292
9867
84360
1284
85050
85932
120432
271034
87669
66735
25718
71484
38494
130816
50
280486
150825
30208
34244
86500
112784
44814
173400
4192
264000
244928
22425
342350
107910
122467
247156
363440
8150
140220
82985
4428
40812
81648
220065
236474
2256
260226
15436
125587
33929
40173
235455
15930
11388
270258
169312
468445
6706
146134
22840
27666
26048
244944
11170
225828
78592
92168
267440
107994
228690
377318
152564
266992
143262
237600
8124
13830
165252
32454
146820
2990
361788
200893
10899
138422
51940
326325
40320
99
395280
42336
884
14170
158802
52510
169416
235752
17480
59020
102696
460085
58374
94550
130500
81543
10948
205260
71804
135392
204875
216224
482500
393450
380712
12660
9746
259407
159808
413672
119610
246620
373665
419760
261387
26351
24742
202608
86710
161550
77330
74046
17476
11834
11774
225768
210584
33304
22707
264576
238848
192766
184944
17055
1254
450252
253113
318695
349648
124394
3780
41912
93269
8155
235872
119616
34092
88068
75656
134832
157700
93748
82053
2104
232166
171975
37072
100128
361934
68908
143090
51504
206788
171756
212106
17512
105602
265122
357124
95325
17820
182552
154672
253578
22160
21348
70512
1144
74944
207207
119610
33858
211977
86564
143000
3584
197492
254584
138570
74851
140480
304500
242687
90675
82302
87568
318932
6826
85267
42728
132160
2491
154599
97384
20907
61608
101850
50832
85020
112620
41720
110316
19944
58293
64733
22618
174600
108450
33072
215488
5805
432800
274680
14761
714
193543
136759
123975
40803
2838
52264
38220
282852
238836
254380
130200
6789
391
286444
189570
64285
117104
302820
38874
15834
75720
58764
142650
70938
1225
72384
259920
30240
199703
6588
12312
157840
301279
16366
97679
83655
234436
12545
433552
86526
264241
7018
196144
202053
242658
46240
119509
379652
373680
48546
172159
56259
329940
267672
1458
112332
43128
18900
48484
28764
63252
20200
208608
286370
305474
33657
80880
18276
85082
52700
321804
15953
247940
153252
292000
47142
332688
18423
172975
170829
43846
388020
35120
299549
201920
153594
248050
6527
97440
17425
30844
3871
256696
213900
124713
22411
42840
128310
44550
187280
179435
210043
72974
100165
142839
45236
115661
218250
165655
166180
34182
126208
28287
56160
148614
44064
29760
68769
50908
99937
58482
245410
209875
294813
16000
376188
21984
60902
15664
148295
331272
311836
218584
100288
56448
61172
115847
23694
132885
169600
201210
52944
107160
46640
107800
57222
65826
142042
6536
14809
17450
207018
75000
124184
24820
118912
209805
5270
20724
1158
98770
438520
121920
39136
164511
10440
12129
57512
124864
6320
112770
81039
23031
34936
10344
79205
285048
181925
97679
341925
124355
336753
7732
134526
14148
89725
22847
9072
51200
80010
119700
85872
74970
200970
52595
26256
45600
2862
25128
18762
24048
895
211554
63916
148887
304780
239400
12950
90630
9828
7425
125490
159159
458836
20944
216672
456665
133595
29934
29544
32810
56343
5760
12612
20124
124875
99099
122061
50031
95217
27924
67782
371434
71558
42354
23793
114140
62622
12168
5152
206928
218544
319296
24596
33426
138432
264025
118400
81420
10974
70889
17935
366828
13496
335312
61035
308007
163576
130017
57174
114828
181760
26978
53618
359500
49140
12040
87330
129672
46032
6699
122364
45843
232141
25800
284172
26496
13753
396800
186732
162260
294975
111936
51282
172640
2835
185220
25612
86394
68338
128871
27400
120805
194744
116928
64672
35856
41520
2146
3534
88312
63400
101616
248352
109251
100464
295680
361920
11501
449262
14870
32792
21680
58978
165816
80736
58190
36352
226320
183375
98400
26828
373410
314420
50840
77478
100485
61596
44256
118090
177450
158367
227838
295110
62035
9630
237728
57772
21162
259312
131342
210192
121760
236778
142608
10430
73682
29700
156180
207444
112654
168038
163078
23856
1904
13440
201708
97104
868
380
69103
73532
31816
39064
202748
51336
55608
364412
46224
58905
169980
56240
87998
7035
3123
341640
283968
163480
203992
117856
570
10505
234256
35700
12597
136200
138390
305368
26195
209417
38963
5740
101934
52840
59145
445950
298848
92025
242400
315088
21813
32340
88452
236927
23150
12345
232904
78705
8139
234270
67136
207648
39270
339066
422096
200448
29312
5514
64890
364584
22800
13440
331520
52928
70155
32968
42501
140160
169450
72402
71461
15235
2421
83468
12552
210888
57210
171200
51415
70176
64344
3552
44622
122892
146445
341880
137955
22410
222772
245086
9970
54591
143920
24426
159152
71366
237473
129940
139910
62760
248182
17850
113400
263824
222
115714
4158
56040
65252
421057
198474
39024
47368
43065
50426
18748
2080
161738
182574
18925
16170
16533
103425
170024
252875
291972
429828
84357
278445
271952
46736
71175
78386
28418
6006
53361
179910
14208
200112
198012
36525
107940
316944
134490
177004
293440
83550
32351
276948
366200
43131
144305
359827
288211
33420
96600
86022
101080
83250
456786
4719
65212
145100
456351
26928
57078
272460
41743
281016
95544
344498
10098
91449
66495
81614
48664
37504
84000
160960
226662
24076
134900
131922
46713
304483
2916
99330
612
15633
110187
207288
308992
24704
47780
27880
188370
101680
31429
79710
254160
315700
3250
104445
57474
146280
60390
57313
49897
252675
78975
208160
48543
12694
200244
7838
66305
35024
241152
77511
38640
24463
321780
52540
35388
56336
408408
75624
25665
244732
338800
85899
54564
133773
109164
74568
205545
41256
197620
192402
465400
8700
59568
297374
23014
32207
224084
100864
259929
24752
11760
85120
43043
206800
88080
24975
27577
234345
30222
147966
196123
136692
330642
272030
2545
8632
193860
28680
96635
437801
213284
339116
44296
208300
200544
203357
15388
97020
64894
354718
35154
323617
21435
265285
180292
19635
29568
119782
4505
264120
216445
11910
328
119364
151164
104574
162378
17745
146914
218644
43168
127015
142074
38936
456840
331712
52192
15280
89478
64148
24080
12610
53912
279576
269091
236340
28360
205572
173460
155844
70152
12804
5977
2288
96250
52456
21675
29920
63690
75376
294699
380100
185136
39040
141960
281580
84609
3432
119112
159744
114975
41769
87552
48224
22080
199836
139356
37030
38502
36959
407130
313235
44060
63765
42290
201146
313280
81760
75548
51911
70346
14156
80916
50856
60774
31635
55380
13734
449132
59880
149328
28548
78186
78455
280200
112406
202332
82032
359550
65504
232735
183890
290940
14580
11610
105110
19377
12684
18870
8385
55566
12080
42705
90489
406300
272866
200880
222122
43000
306152
195492
264860
75813
21070
242421
35056
10530
147877
98646
2366
34991
61110
7542
76284
108944
13851
181746
336540
285175
6768
161460
15912
105710
269195
57330
99288
172788
148365
5890
60508
234669
5432
74542
11205
11190
495900
118200
21170
85536
170304
100122
254551
380480
111936
80640
281637
15951
198000
111510
256401
15142
83832
447849
19224
20088
82544
144704
62836
92730
2538
988
2484
83360
136668
33672
12440
340935
91326
6450
91718
78370
39078
123163
226800
196920
299792
27249
1936
14340
72981
370944
217536
8844
5325
102486
23075
119350
115710
13182
133000
176736
160269
6808
61208
1044
131820
297570
23997
152334
135120
16002
277120
26856
194815
82935
177590
5865
2076
237626
291456
3634
243628
150366
243971
175360
230812
34616
178112
66000
61539
12335
76840
276108
35040
101910
8360
247254
34990
230505
46787
38760
445991
54846
106506
165204
17664
36064
34224
26260
87400
71240
18480
411668
41692
271994
88560
126836
147022
277500
295320
65660
94164
32703
241743
10416
108532
121303
72875
305028
72480
72985
57288
53340
353408
81662
19668
276279
107211
3240
80608
21488
168336
360684
81590
140668
268505
363
29762
72890
21357
183940
339840
247204
2003
85728
90045
14790
60000
392112
6916
23568
34056
3260
260172
153120
58734
52234
282344
7839
109322
103092
28275
14787
23480
20628
99123
122808
112142
38182
236544
118736
169596
49887
91002
111213
258060
167913
131976
212367
127686
114906
436500
194668
143065
89992
110160
4622
22000
18700
182664
143325
82080
134562
205574
57300
8505
61737
119196
76285
151060
368550
20608
285190
28101
32225
49269
96954
280035
71093
342005
130059
95376
145664
33250
322328
137683
172240
195660
116052
377983
123700
39370
72326
133700
205668
146016
26129
1260
34118
22908
412368
429781
219758
18513
265632
39298
204459
147684
29310
15300
51584
69520
122850
209664
304138
117254
72276
315705
256685
18472
380
160746
292434
16310
304608
184299
3960
25872
61773
6028
22748
327746
126060
131572
261559
30667
34447
163427
144180
233368
58672
67032
14172
413140
122636
25886
179916
5760
397360
185088
303280
14203
119850
233470
88080
232416
271984
14512
66720
230330
306912
34980
63168
9885
199144
48645
407645
72350
158
96152
190575
159120
230480
61740
24590
112392
75504
16910
19625
136675
8876
364232
57141
43693
103360
89250
247690
307598
370464
1250
13164
101192
24570
28226
62380
18432
146780
229482
307326
13840
281690
42790
32240
51100
9933
150224
19845
26048
103868
123840
28635
289306
155520
210560
225750
222372
286140
129575
36306
3540
203112
37290
40734
31046
76868
259216
188195
24120
57307
359758
75752
19152
46838
43050
130305
34290
142230
31892
168672
107712
19456
64665
85434
14852
67865
46179
60012
173600
22040
64365
84116
2849
99813
47168
86040
495
204786
16415
94962
161937
84532
217770
191290
15223
271125
21285
171116
83904
269248
192418
9794
420525
112158
323268
12288
13696
15811
139500
419898
189508
34038
109098
56524
336420
61864
32383
27405
9880
277800
256484
238788
3729
36000
161907
26695
41055
179949
96178
357768
56355
7260
4456
99076
291005
95726
80009
22045
480447
70295
14839
114555
404131
323400
29700
7735
338652
92996
3861
34047
9230
173604
6188
130416
79794
28975
10360
14030
30290
23580
16282
118579
116600
89628
150804
10388
14336
74886
31680
158620
50447
121984
110960
145484
100308
252567
11802
112176
33390
4790
238042
311695
166278
107584
160140
59625
87120
23235
142898
21807
21920
3120
274400
151434
173232
9729
92158
9640
207936
86976
57800
91805
25569
1880
272782
252329
12886
24920
3509
16660
17716
59840
223504
133614
10944
255171
411012
32310
30360
233300
14380
144984
3433
48996
392670
27115
183204
144343
71136
62907
72996
19809
37873
103970
168636
245134
138600
99300
173396
61938
145424
148992
196295
124268
309396
166275
114056
51912
314716
34958
36336
88125
70000
119598
121968
92370
73984
8648
58681
185180
38016
60060
64904
424350
2808
156620
326800
17892
41572
26414
12792
91375
142146
114655
86812
182448
308052
34155
146272
30832
282204
157045
192832
3750
477400
66606
44670
44429
37375
22990
98841
170704
28782
293650
44523
63457
327940
57792
141750
239366
63600
14284
76258
329315
205326
87840
334642
15048
67756
345736
43576
135900
72672
102900
291496
237244
206076
345630
29260
142584
37310
136408
112140
39312
105100
400673
50006
151810
25840
79340
227264
8260
109270
101412
106512
8673
326592
58650
63945
82020
249220
149565
14904
181710
483826
185814
310040
5300
224202
270396
14112
16785
250772
166698
101952
62744
109185
252835
20592
6664
43582
331160
421167
101178
7021
107555
70226
56376
73268
35210
67620
12792
102168
168563
77700
84683
66150
181272
14442
46592
8222
104972
31248
2185
96672
360088
54735
15816
83970
154654
49920
71984
199392
65750
24840
2018
203019
35190
97520
42050
82635
317232
16000
128828
91047
26124
298848
284162
191070
27900
110200
205065
61572
198660
230280
172914
74514
78930
193800
7007
33059
528
72180
375012
65097
301796
144431
2160
355520
8316
234700
155904
8024
32336
217770
15716
77903
33156
46288
25384
95676
42128
423081
114638
247355
139167
55347
164782
45765
127364
311200
357777
9021
208233
61925
322344
155400
264100
301210
170404
123062
55752
116376
125056
144478
221368
76590
38488
116334
99006
85020
139840
78115
55998
405996
260246
84865
147591
62997
295925
424266
139566
196416
97140
4820
119100
356751
51408
77652
82
259415
10854
99180
195263
325680
93773
225856
54090
21758
104916
57706
38970
64582
23290
381330
2500
269262
140415
107730
26298
41445
2368
182584
467040
31878
35568
53975
44928
232470
223195
19610
52968
123697
49980
336108
227025
124786
224106
439621
48925
255084
162114
152194
44560
223570
3159
213588
87978
45549
76167
70473
129428
239400
20853
9706
63180
413336
7671
214400
55062
368219
211770
134848
28735
398640
904
202800
6976
30784
95348
12952
240138
140384
357813
158286
140840
32153
116582
353083
183018
244120
24010
11704
362057
133812
183668
73035
158106
43956
141122
138784
228531
63450
57618
60885
3082
14252
247572
168675
62060
35981
93820
21073
92132
430936
108264
74704
122544
97860
6958
18430
216282
353840
291189
88864
82936
12716
25193
363964
158858
75531
66232
245344
374904
11956
22032
87725
117720
61248
66715
16320
399678
61800
3055
16383
41726
52602
191022
40460
82814
21892
72891
59094
190380
10695
119550
72293
129456
298740
307086
59582
38808
198436
52710
37648
20791
95172
405654
109858
68286
89622
20792
361592
70335
756
43560
145080
51460
469440
111252
291228
100456
275481
18020
120714
41800
45198
112996
345514
19499
70422
41993
41958
365712
24420
218960
32830
202888
61336
91120
34464
28926
79980
5509
73632
20420
91562
3744
23492
290316
94846
29029
132153
59670
92988
239304
194873
185130
1948
113820
153094
150936
47520
29800
2746
159980
32682
103537
234309
160996
357510
319472
343376
131175
120890
156009
56240
376462
48450
24650
1197
103664
132827
459974
89740
61920
840
282816
216100
197025
73143
114804
57508
29440
11172
449304
91008
21390
27520
143752
67952
172224
64084
168564
161670
220272
105812
57240
54312
239456
61992
12750
5040
168750
146972
3584
74169
212106
142674
379890
20660
174040
44716
472340
101529
2924
317915
308062
117120
195078
11112
226928
224773
265848
62752
51072
217872
182250
105866
89815
23424
48921
204050
45600
9744
81340
59014
157360
143370
38976
165648
197406
357262
227915
176022
51221
56700
20538
104949
158800
165620
17328
172173
1682
360960
151922
196650
241472
187125
21865
114836
360696
160248
240903
71434
13064
219252
128088
2321
118622
2170
27356
237843
23351
54800
74720
14074
267858
86256
83880
160125
88946
5369
50840
203060
196196
43600
297250
272288
98481
62894
144333
177008
146510
50760
324560
159776
254672
50820
207621
94146
58272
247665
233550
8112
294048
39186
250344
78846
235422
124093
66025
114400
350616
386601
29790
60993
71
66132
207583
159978
330991
455308
217710
96868
4374
25602
96572
108150
1568
213621
68656
140532
210847
33741
202174
99412
297880
258720
247392
328560
215124
138898
181278
81606
211302
257517
218441
50313
14770
160803
63336
23415
162092
245088
142290
52953
6351
283148
516
53110
104070
83265
2888
25893
18912
30974
32982
2995
194935
308975
178353
366821
29274
43656
95475
90475
330048
14760
32074
47068
44520
39930
106524
58692
42064
9152
89595
406125
28206
78570
14904
39257
23485
3906
107184
5094
55926
18684
293160
39550
94400
188461
240355
422224
121122
18000
36612
92534
50760
4713
64904
299600
197088
57401
1584
135104
44898
106032
150586
295740
66176
227409
888
361430
187332
194220
56952
240366
64676
14672
293826
568
4628
33143
185976
52528
112872
271245
47560
229482
30920
310779
239931
70686
41314
37700
224048
138554
239020
69024
73312
271200
47250
298435
91760
64216
277134
313700
75456
239105
71570
67680
101775
6448
74020
84576
42462
32436
27820
52381
211688
323988
79968
23772
49600
108300
5070
251175
30745
13330
344666
39173
159978
8975
38252
16920
33341
210005
14144
166404
34374
61294
36720
112138
55440
85527
266825
416787
80100
58617
35154
341550
37490
4421
127650
34689
472487
124878
215591
10000
250728
219124
10465
101656
50020
11335
91422
10588
29205
23560
95312
15782
262056
48559
14195
97944
101686
34400
22176
32560
54296
4260
21574
107232
150328
89496
293930
197835
383420
179235
4833
80496
14032
129402
327990
231457
171631
69168
196240
29406
43575
21790
84502
334330
43558
74232
103234
145691
25920
173944
202734
186990
4128
390260
34872
73254
10352
284144
40872
51610
16688
51092
24354
28625
350658
33825
218550
156004
65032
95200
148596
216039
403740
122210
4683
14040
171795
21618
245973
158895
291428
74565
7000
51100
1272
172224
76636
53028
275001
235616
229568
5420
18768
137942
94875
80541
398125
177934
10276
13689
9090
232635
258610
273817
39748
33670
99922
14053
11836
247760
125893
1692
36792
63162
44590
311220
27064
32382
405318
112320
113314
74664
97902
126276
111035
35984
7755
2597
2482
213904
12038
1080
3290
75680
407709
48
17823
4264
60582
41094
21580
104705
19178
218424
69629
339100
21951
6624
57627
177637
186120
12132
161226
170478
29436
5590
28877
5952
264510
29190
70196
136526
40704
93380
70034
68103
45324
10128
114450
65720
86785
83055
143679
20
163450
74040
21504
3752
41265
228620
12915
233155
92606
196
319077
186886
132561
77809
421326
240264
147108
10185
69888
175140
272160
20482
315936
163185
207612
72025
44345
406385
224286
69863
162819
276062
230784
75509
65888
226464
201296
204035
104380
32232
40418
236070
260183
66744
318630
42840
103467
159528
115360
35694
48000
51744
67250
270912
1377
250512
13787
57702
165416
32145
56628
50400
4104
95983
6348
2001
161892
179389
23088
20828
339075
14742
101300
184052
62998
21300
86940
220792
23436
18870
147672
53850
33687
244200
101200
202995
228736
333494
380799
56680
10484
120546
138450
408020
251484
151065
91840
190564
342930
340272
91071
49084
178988
31923
137122
158862
35948
122780
141345
3300
139974
289296
43923
220220
49315
169965
89654
368175
40754
249081
175248
22450
272404
14784
26370
96748
44334
56350
190564
164808
153760
155200
51144
42159
42720
16320
56761
255806
88284
36064
157575
15873
78408
24864
63000
155936
191470
124832
165888
119704
32100
357687
285633
265794
355167
17204
43964
2010
113352
41920
225060
63855
39715
187588
205200
102960
12200
93198
6840
140012
309690
14574
274252
17595
101232
254730
98280
30870
60080
62466
324852
30877
192060
129618
83127
92169
31152
244530
106665
93660
12768
94116
152559
363972
54778
82800
76293
108072
266760
30261
76167
32292
40426
81668
257372
134540
181602
291308
3990
243246
17557
260898
42741
8760
2320
32400
65263
256048
285180
8947
249216
209160
143361
173124
403700
162024
205400
130455
3000
198490
211981
8955
51912
222680
93696
317044
378624
1620
127500
235797
3000
243804
276675
136152
6868
78819
302498
195615
63359
137172
188363
13545
337260
49434
22440
231504
78067
15158
69542
191219
286224
291785
97848
117744
127575
29646
118710
180480
168454
60114
11137
189968
11115
324756
289870
143960
51015
264924
269874
12026
2976
264400
64280
184705
168981
38626
43901
129282
160552
119501
362370
107685
127710
76650
194399
35760
211876
139072
1144
102672
211689
59211
67305
58702
133114
212524
37713
137634
61952
324316
48008
163966
255960
10292
171801
136220
3036
83176
4641
48255
54304
64076
118408
323570
36624
245754
100386
353367
10448
34650
138942
85092
3555
40885
120466
234432
475496
4860
1800
137511
116180
50732
15088
237448
73950
42016
38148
91264
153408
7395
41670
83660
53892
638
84084
122357
82704
10332
39105
201484
4574
294354
159676
19600
44763
83286
3083
44892
94080
26052
230770
90712
22600
265650
29250
117424
228984
434332
177713
104714
227713
125178
278586
120890
130856
283328
122400
384864
318736
144808
35424
155700
302867
224848
137557
219408
390037
11440
445050
129987
341
191664
24300
8802
261528
315605
211008
54548
148269
217188
167292
81835
85272
276816
27231
398496
268884
467556
20556
183942
470700
77724
315588
182655
18032
114440
39728
10948
152032
1479
35518
42041
279825
252756
79632
148920
178669
151816
45422
117774
25458
152403
88396
101370
167454
28481
34958
55296
24156
9050
318054
54074
198308
133896
93898
248066
129976
18972
119988
87290
211478
111230
167580
279855
21651
317328
42130
91791
76032
182600
174230
37229
287676
37912
374395
462768
26230
5300
164730
149698
235840
122166
204500
51360
137256
14288
7920
4076
29971
350100
11955
1968
109365
62279
203784
134185
72768
215379
16920
3857
21573
3144
161194
3994
124956
242306
233102
138264
387750
223968
10056
322138
307468
173250
23579
7521
101574
93765
29865
41667
297913
154512
328824
180090
454490
10209
28290
136242
326448
42552
191800
463695
123604
78550
365472
20925
83116
63180
20540
204292
288432
168507
185416
210798
127820
82041
31692
49178
3090
250728
146247
46500
267288
116400
36465
135200
127100
87472
192600
66808
144509
412566
28368
362016
123994
125300
32760
95550
27936
74610
465900
69080
134496
161598
7300
114562
2730
61888
374066
277739
396270
124384
142912
6790
234789
215244
71424
4788
111548
57596
236390
176985
1914
99520
228863
16276
7992
54951
516
83104
36784
472200
49280
232152
144126
74085
99396
312664
155500
63156
293595
32555
10488
44532
180574
97356
79067
126225
218078
17864
99586
20930
84350
275906
35296
101382
479952
27726
278465
445500
111720
381100
72230
74592
33572
356532
13527
89089
51014
149400
49970
59184
19000
235008
195180
125631
145020
55605
248235
182115
16980
316758
52560
20882
9882
13542
74787
4794
9026
22714
89388
232029
154512
208364
122988
385112
80724
43120
396
285100
208560
202440
31668
2400
149739
238655
164970
94248
349160
316498
101178
26142
10404
36257
234472
351754
140811
440832
47970
270720
66204
135923
19600
58176
59585
158508
146328
13199
125034
59631
380398
37598
37910
39556
115695
14018
77145
46552
2812
123662
74760
119392
190026
14259
25116
300132
449640
150784
15048
77952
299619
187600
143752
131836
306598
136407
162760
57863
189659
130975
68075
13958
189616
29940
434562
19720
35378
143547
189560
205686
24656
175890
72594
26768
175536
65702
86505
57159
187718
98560
121008
213831
226320
354720
1415
223800
317200
244000
214326
141934
441330
7965
20905
89640
89148
92414
15588
50638
3191
348849
325220
331058
100604
112440
29003
178002
142194
242536
124212
187136
59185
107994
171570
42722
66265
36487
168840
89232
80080
42763
70344
191840
273388
176930
18761
113932
283400
4112
73440
41496
202590
18470
37841
208285
46184
107464
154928
1776
447073
405535
22686
378568
81479
89623
253764
156590
25788
7566
252320
8417
50996
82464
212130
334576
231507
3576
4026
85396
102036
50608
412347
463392
321600
51566
235166
234264
230702
90248
342250
91930
63872
12064
57564
148808
137760
58545
25352
74132
26200
256128
150375
200838
124480
102546
97812
19248
111250
228284
380016
70077
22302
121752
281610
8844
105105
115951
247504
133400
130536
186417
67980
72878
193700
52388
76563
15980
212580
254187
4360
9582
95387
55726
315700
213096
108504
205152
29964
44132
4040
81172
43396
341523
427170
52440
8292
63900
109920
174960
315640
215973
61536
246120
21931
51360
53526
299336
404770
156538
161163
400350
65208
159880
57324
144074
167915
65487
362615
8800
38430
187116
51636
69120
106546
34344
317681
304056
6396
247850
362640
231000
1428
329076
9594
217650
60082
5967
95351
1256
199098
306804
5338
220128
3338
277794
143264
105385
155040
9425
5650
68607
314900
10875
15348
224100
116032
9216
79169
44736
22500
12397
51460
88888
95472
255600
33586
254364
28350
188442
60048
40920
53513
3905
88704
60450
97380
118950
29614
108357
90116
9570
65880
88627
10527
21147
230040
226728
19474
268482
168818
99176
86500
16555
262446
17210
24960
257920
172332
97146
58142
57980
30549
18642
15585
191724
145680
323838
134644
66480
25602
42735
10187
37170
229075
263070
179498
5220
41320
48425
77760
36348
24808
295320
169960
190916
212544
52954
114782
270454
61824
14092
73008
81284
204765
208850
373800
267513
69210
146578
177560
48492
11770
66774
243432
28540
4790
153543
172672
21021
52564
455000
42393
97510
12736
260400
35260
115920
38964
133644
164815
7500
390730
56227
6063
167622
231228
199140
6465
153714
179008
58116
280605
125829
241267
14085
67564
99540
193648
291340
37928
142000
93826
303160
165330
326480
96530
18241
98974
4566
53460
434053
74864
46988
117666
309216
1986
141414
195160
207944
126936
47682
133035
257184
27027
122016
424242
388032
73299
199550
217566
245210
314041
210375
105446
20548
78329
15938
36524
35316
7070
13988
112840
51534
229368
143376
31752
144800
26240
8305
254265
311053
135432
349265
41837
80921
116515
263146
20384
67197
36374
116200
4920
12645
176204
166374
67176
121268
38064
48517
65360
12670
10744
384846
67450
207366
36864
38080
283866
176463
88506
207321
45248
59449
14210
188118
205520
81788
16112
33775
30000
43750
48081
39479
223600
244452
301728
152796
752
107967
199440
118842
252726
184480
175788
54690
178303
187572
156525
311892
122196
30720
54511
325295
251158
182173
391864
32786
99042
74910
11340
85512
107070
116856
112752
108790
200695
155900
71688
70560
321112
241587
15522
4662
522
382630
43251
295400
208224
95612
23079
8560
23821
135135
5505
59458
46728
51100
389452
227240
104958
197538
203098
29276
25725
146874
96236
465696
130528
3370
394380
404544
274350
17276
249226
182832
283287
81921
71589
104013
263074
183936
65391
96900
15561
62920
248751
71400
96278
59831
12102
246456
36300
321888
303920
28124
5600
2313
29232
42107
50203
351900
49440
454909
271880
1710
81514
43670
307876
274436
50760
216060
323488
76113
289183
66114
218450
298500
24901
139680
122628
68541
163297
177804
136024
67680
96554
49071
98532
204960
186303
350740
15120
61663
41144
187825
29640
234782
98610
205528
167105
42720
56848
1708
24531
255096
47008
19044
171600
28105
54165
84616
4186
1537
30131
235100
114920
153594
11826
19140
24700
124745
188221
87796
12528
75760
172896
60656
17892
145622
86454
259584
2304
55354
174405
5280
114632
177735
74256
18432
22112
246708
25404
96400
287448
370728
169035
70920
8631
90480
266760
189050
197925
71900
98797
197440
64883
57456
95550
117072
4888
101101
17425
2905
36639
126168
48900
40788
142104
11550
73920
148554
319824
61965
199320
62400
143233
80718
292128
13867
402094
96606
197717
101439
189630
267750
190596
19932
83521
298278
74443
42775
377055
250668
11666
194750
204400
164312
42952
131938
83520
123424
5940
474309
162222
3696
226800
272076
14344
33792
4316
53270
227613
63792
77976
110832
79485
113600
130980
10583
61068
246050
96216
194328
282164
10280
322530
78336
2176
68784
11448
145830
24700
4436
229140
363592
14229
82180
360096
67388
59358
102361
11628
351624
27150
219168
185649
257070
183327
824
120480
195500
318006
49687
184224
46806
97842
71517
340470
146072
336951
99144
86460
101192
245611
276078
112600
204624
78948
35178
198704
144381
362799
137350
119050
55268
32904
280416
96960
196882
406456
176715
67382
12480
33344
111440
25272
109912
262132
116948
64288
7470
236795
285940
125788
43710
10620
155580
168700
424125
71680
95880
156060
16678
198809
351045
221940
134537
340446
120945
170170
134355
1851
316602
260678
95144
145203
15790
38808
83688
110987
185794
423059
113677
53568
360254
54714
48660
144450
92200
65968
87192
211848
4140
58674
334866
118209
277332
308400
58635
190511
319124
6264
19404
43326
30024
7350
96222
42186
103588
78660
56544
6956
200868
222768
54548
52360
52041
71392
211876
150336
64000
276900
178528
161719
31752
55744
294624
282754
43225
472556
140829
17514
3942
90376
20300
26490
14823
49724
45730
155835
199045
72486
412675
15705
163012
21
254644
33904
241380
393262
26826
29106
140505
8970
88641
127512
403194
435878
114903
25954
351234
92268
242480
219504
277137
8758
37111
62613
128601
102457
79130
297414
33798
170694
15036
113245
38226
6006
35849
21840
108570
11289
21696
239860
32390
129870
69760
57567
243936
250880
196300
47478
95460
18480
142290
45653
123192
22275
7608
116730
244188
252000
195390
375013
47109
3510
302100
12914
294950
75153
84710
59364
72656
4499
79666
87176
181108
168355
67320
48438
100418
102048
212175
168000
989
154204
82331
62757
9284
120666
108900
201740
7872
25116
159180
178158
55040
171912
225225
110376
275538
3849
642
107010
40204
70305
286135
215820
