161 62
195 78
185 91
183 88
150 92
188 118
171 95
169 90
159 68
178 80
199 64
182 77
178 63
194 76
184 64
161 96
161 105
166 93
166 62
192 123
181 76
152 43
169 107
183 62
175 64
176 65
160 58
199 79
182 82
187 129
189 90
160 50
166 54
178 126
173 68
161 46
189 101
172 123
176 72
152 53
163 74
179 119
169 108
186 66
154 47
158 47
191 89
184 110
169 97
157 66
195 72
166 56
186 92
159 81
184 85
189 98
173 60
197 72
193 89
166 76
155 88
188 53
152 105
186 91
158 80
174 42
154 42
157 53
158 62
189 127
199 136
165 71
158 98
184 55
184 121
196 93
170 85
173 70
193 110
174 98
171 56
188 78
158 64
166 70
163 92
154 43
181 73
151 74
166 95
184 62
182 121
156 46
156 57
179 57
194 61
159 84
192 77
152 68
151 53
151 64
182 88
165 61
157 53
173 76
191 79
182 70
158 112
160 85
193 94
185 76
197 66
159 94
154 39
160 72
158 89
153 72
169 116
198 87
158 48
162 93
179 59
154 99
171 84
197 126
182 127
187 118
153 56
191 74
186 101
197 89
195 72
188 76
150 55
193 83
179 98
152 60
170 54
170 70
165 51
187 77
199 88
199 82
173 92
181 110
165 55
189 72
160 46
153 48
173 57
161 71
174 98
181 66
153 57
188 66
167 106
179 112
192 107
199 55
180 92
155 54
168 55
154 87
185 87
173 104
161 65
176 74
158 64
190 142
164 61
160 56
190 118
199 107
181 71
185 72
154 43
195 66
167 59
151 61
190 74
153 43
157 67
180 54
153 57
177 63
188 74
178 78
185 67
154 52
159 58
167 57
188 75
186 94
182 56
181 86
179 118
175 55
179 101
181 108
196 89
190 75
157 65
176 54
185 62
180 70
191 77
175 58
183 73
167 54
182 91
187 133
190 104
153 64
165 89
152 84
180 88
183 96
150 58
180 87
158 83
189 74
167 82
153 63
152 81
182 67
183 69
150 40
197 107
175 55
177 64
185 74
161 63
165 68
194 76
155 46
160 55
175 52
196 68
162 106
168 80
178 65
198 67
197 92
160 52
164 73
151 65
187 65
152 44
195 81
165 77
160 88
179 108
161 73
162 72
182 100
163 103
155 53
187 151
194 72
174 101
167 60
195 68
180 61
181 65
190 64
184 140
195 85
190 75
196 69
173 95
155 65
179 65
168 59
161 63
198 81
168 78
162 98
187 74
156 92
181 88
170 123
172 92
151 53
153 41
160 55
156 90
193 90
170 96
177 114
175 81
158 66
156 52
155 86
181 64
170 76
198 98
156 73
196 95
159 67
162 53
162 71
163 72
172 54
198 88
193 101
184 69
165 54
189 102
183 103
153 48
196 67
188 86
177 79
172 98
193 97
198 101
190 69
168 59
186 96
187 116
184 89
189 116
151 46
151 88
160 49
199 75
171 90
167 68
163 67
164 97
169 49
175 108
159 33
169 51
195 72
169 54
170 54
190 51
189 84
164 96
178 108
192 109
153 63
160 36
150 66
181 108
193 99
194 88
165 73
185 120
175 101
189 97
175 62
183 65
194 115
182 91
161 86
174 94
162 109
153 78
175 116
183 101
163 50
191 69
183 93
158 53
168 57
150 63
177 66
165 76
171 106
196 52
159 60
162 105
187 90
193 84
183 53
175 66
168 64
186 82
165 41
153 87
184 59
166 64
159 82
176 81
170 70
181 99
153 71
194 92
183 63
186 59
169 52
160 76
190 138
185 108
193 92
157 62
199 101
161 71
157 57
157 71
177 92
198 98
151 64
181 106
171 66
198 56
184 73
192 78
199 65
178 93
178 88
181 81
153 79
168 52
161 49
196 61
174 55
195 101
191 112
158 91
189 102
157 53
183 76
168 86
160 62
193 74
160 56
158 70
155 52
183 63
165 55
179 65
183 66
150 95
190 76
181 63
190 110
199 86
174 96
185 68
177 98
189 101
158 67
192 126
181 109
159 75
166 60
187 73
166 93
182 93
194 115
179 65
195 60
171 56
169 49
188 114
198 98
164 56
169 53
163 49
170 80
161 83
167 67
152 65
179 51
191 102
177 93
155 54
191 120
180 79
184 93
168 65
159 48
199 75
170 97
170 82
181 102
164 50
172 99
153 44
167 75
164 97
193 95
183 106
181 91
193 120
190 125
165 57
191 72
161 55
167 67
188 131
187 79
152 65
192 99
164 67
167 52
173 89
174 71
163 74
179 119
169 108
186 66
154 47
158 47
191 89
184 110
169 97
157 66
195 72
166 56
186 113
159 81
184 85
189 117
173 55
197 72
175 81
158 66
156 52
155 86
181 64
170 76
198 98
156 73
196 95
159 67
162 53
162 71
163 72
172 54
198 88
199 101
165 71
158 98
184 55
184 101
196 93
170 85
173 70
193 98
174 98
171 56
188 78
158 64
166 70
163 92
154 43
181 73
151 74
166 95
184 62
182 121
156 46
156 57
179 57
194 61
159 84
192 77
152 68
151 53
151 64
182 112
165 61
157 53
185 87
173 78
161 65
176 74
158 64
190 142
164 61
160 56
190 81
199 107
181 71
185 72
154 43
195 66
167 59
151 61
190 74
153 43
157 67
180 54
153 57
177 63
188 74
178 78
185 67
154 52
159 58
167 57
188 75
186 94
182 56
181 86
179 118
175 55
179 101
181 108
196 89
190 75
157 65
176 54
185 62
180 70
191 67
175 58
183 73
167 54
182 91
187 92
190 104
153 64
165 89
152 84
180 101
183 96
150 58
180 87
158 83
189 74
167 82
153 63
152 81
182 67
183 69
150 40
197 107
175 55
177 64
185 74
161 63
165 68
194 76
155 46
160 55
175 52
196 68
162 106
168 97
178 65
198 67
197 92
160 52
164 73
151 75
187 51
152 44
195 83
165 77
160 88
179 108
161 73
162 72
182 100
163 103
155 53
187 151
194 72
174 101
167 60
195 68
180 61
181 65
190 64
184 140
195 85
190 75
196 69
173 95
155 65
179 50
168 59
161 63
198 81
168 78
162 98
187 74
156 92
181 110
170 65
172 79
151 53
153 41
160 55
156 90
193 90
170 96
177 114
175 81
158 66
156 52
155 86
181 64
170 76
198 98
156 73
196 95
159 67
162 53
162 71
163 72
172 54
198 88
193 149
184 69
165 54
189 102
183 103
153 48
196 67
188 86
177 79
172 98
193 97
198 101
190 69
168 59
186 96
187 88
184 89
189 116
151 46
151 88
160 49
199 75
171 90
167 68
163 67
164 97
169 49
175 98
159 33
169 51
195 72
169 54
170 54
190 51
189 84
164 96
178 108
192 109
153 63
160 36
150 66
181 135
193 133
194 88
165 73
185 81
175 101
189 97
175 62
183 65
194 115
182 91
161 86
174 94
162 101
153 78
175 106
183 115
163 50
191 69
183 93
158 53
168 57
150 63
177 66
165 76
171 106
196 52
159 60
162 105
187 90
193 84
183 53
175 66
168 64
186 82
165 41
153 87
184 62
166 64
159 82
176 81
170 70
181 80
153 71
194 92
183 63
186 59
169 52
160 76
190 138
185 108
193 92
157 62
199 107
161 71
157 57
157 71
177 82
198 98
151 64
181 100
171 66
198 56
184 73
192 78
199 65
178 93
178 88
181 81
153 79
168 52
161 49
196 61
164 55
195 111
191 112
158 91
189 121
157 53
183 76
178 86
160 62
193 74
160 56
168 70
155 52
183 63
165 47
179 45
183 66
150 95
190 76
181 45
199 100
199 86
174 96
185 68
177 90
151 72
160 49
199 75
171 90
167 68
163 67
164 97
169 49
175 98
159 33
169 51
195 72
169 54
170 54
190 51
189 84
164 96
178 89
192 99
153 63
160 36
150 66
181 90
193 133
194 88
165 73
185 89
175 101
189 97
175 62
183 65
194 95
182 91
165 71
158 98
184 55
184 121
196 93
170 85
173 70
193 101
174 98
171 56
188 78
158 64
166 70
163 92
154 43
181 73
151 74
166 95
184 62
182 91
156 46
156 57
179 57
194 61
159 64
192 77
152 68
151 53
151 64
182 99
165 61
157 53
173 89
191 79
182 70
158 67
160 72
193 94
185 76
197 66
159 74
167 82
153 63
152 65
182 67
183 69
150 40
197 107
175 55
177 64
185 74
161 63
165 68
194 76
155 46
160 55
175 52
196 68
162 67
168 97
178 65
198 67
197 92
160 52
164 73
151 75
187 51
152 44
195 79
165 77
160 88
179 108
161 73
155 46
160 55
175 52
196 68
162 76
168 97
178 65
198 67
197 92
160 52
164 73
151 65
187 51
152 44
195 98
165 77
189 84
164 96
178 89
192 99
153 63
160 36
150 66
181 90
193 103
194 88
165 73
185 89
175 101
189 97
175 62
183 65
194 95
182 91
165 71
158 98
184 55
184 121
196 93
170 85
173 70
193 91
174 98
171 56
188 78
158 64
166 70
184 61