8.25
62
85.62
97.62
106.51
123.69
126
154.03
157
158
159.15
170.08
172
181.16
187.3
203
215.64
223.89
235
238.37
246.47
247.03
249.93
250.95
251.64
255.16
263.28
265
265
269
282.21
292.77
311.85
317
322.01
323
325.06
331.04
332.52
337.02
341.88
349.77
352.09
353.06
360.89
366.02
366.75
370.11
371.4
377.77
380.67
380.92
382.29
385.02
385.42
393
393.51
395.32
402.74
405.12
413.15
415
415.6
423.48
445.47
446.86
446.95
449.02
450.88
453.22
456.81
457
459.44
462.35
463.18
464.58
469.61
474.89
478.4
479.85
486.95
499.44
506.17
515.26
519.03
519.83
521.79
524.37
542.5
557.57
558.17
562.38
565.56
567
575.05
578.83
625.12
642.95
651.77
78.82
