-53 246
106 241
140 -344
-105 214
92 -238
-104 -23
-374 -256
124 -217
-302 181
317 0
68 -470
4 385
332 -250
491 123
-376 -61
-437 111
416 -195
380 -109
-107 333
-142 -440
289 -255
-276 490
0 126
-155 25
2 -322
-147 -348
165 370
-4 247
-320 -326
-496 -256
407 71
235 0
-84 -357
222 495
186 22
-24 -469
0 62
480 -82
238 -415
-67 285
-437 -273
85 -48
-96 78
-419 -382
382 -15
0 265
-201 -349
385 -356
-331 374
270 181
23 -311
-90 205
203 0
-278 -199
-213 -124
251 -129
-360 375
-318 -92
-246 -412
0 -457
-265 0
118 431
-363 446
-495 -424
-393 0
-384 259
164 418
430 478
-378 45
0 323
383 -434
-2 -8
426 372
-481 282
-172 0
-420 -463
339 -289
-193 311
0 415
-123 -133
366 -55
-489 174
-158 0
-257 298
121 340
-107 227
-79 -323
331 -326
494 168
89 -438
-137 -81
79 33
-128 112
-150 35
-175 126
-337 -4
-206 -370
181 199
-147 -321
64 46